0.0     -15.8                                 -17.48                                35.64
0.1e3   -0.105101187215062465014492439282e2   -0.121725428136822512342221296769e2   0.274762656303747612640266912306e2
0.2e3   -0.669723317338198260629811295253e1   -0.119110204835391274096162060769e2   0.130368264143583210804638382273e2
0.3e3   0.101975349916617340483059581029e2   0.390651772236292603888411971054e1   0.353374270924044119540077367829e2
0.4e3   -0.188924764980498695078188061482e1   -0.356578804089746613718091427328e1   0.202996396355045988449340822379e2
0.5e3   -0.530509963157151975668167282632e1   -0.942599102921151593283630476183e1   0.1230218423068977965847975966e2
0.6e3   -0.863505382597614095841132889243e0   0.499057856286716032213543038582e0   0.21581438144249075715372191996e2
0.7e3   0.108849636682167034947008810035e2   0.163298937924670384856030682748e2   0.22247458859587210305422158756e2
0.8e3   0.139633471541395346277249138227e1   0.240877126758134021375038123564e1   0.145904412700592820842040759884e2
0.9e3   -0.644936782398529717963230062846e1   -0.10984642417532421395205160876e2   0.146479744682782816817489435946e2
0.1e4   0.138819970008623936228745946191e2   0.199183031604063943725202892972e2   0.269019433083761055359861941157e2
0.11e4   0.229745927118366327354581184336e1   0.229971087499651563776997195419e1   0.196177794317690383883049133518e2
0.12e4   -0.736072907109647106035770502188e1   -0.119377340084203779361846030115e2   0.168033231480673730738829416295e2
0.13e4   -0.588840866377874590803258287504e1   -0.103039835999626099020007750665e2   0.132023229159164201956029751459e2
0.14e4   -0.295645387118079702150069229468e1   -0.16384372288039884069290296417e1   0.231918117438464689904155208519e2
0.15e4   -0.101398076869776529627137340304e2   -0.762637161169374575793507632711e1   0.318584100782971894871869087885e2
0.16e4   -0.298335828888969492991125944658e0   -0.429115365008562364734974601542e0   0.129396231630987182611904163617e2
0.17e4   0.925156507499731400885815020111e0   0.176051351309981639124553478565e1   0.166215637051725582286698978524e2
0.18e4   -0.365724407557769035420685956076e1   0.199560234068606262413896156147e1   0.293437227516879858990116837137e2
0.19e4   0.826890440022382592516630112693e1   0.276981272603106284457638222019e1   0.327098710581741388160470171037e2
0.2e4   -0.687388369320501804806782569849e1   -0.148483482766984219765621139597e1   0.313495210746742767214014798319e2
0.21e4   -0.161253394449269583377157894546e2   -0.107129418852470246958273383136e2   0.421046386750482960581268791424e2
0.22e4   0.156180911104445544189692602728e0   -0.218346194152187585941896957341e1   0.232969027647819832431181144828e2
0.23e4   -0.127695752160107576435403949665e2   -0.151708469157618485165974575601e2   0.298847840416915525004302177612e2
0.24e4   0.10167229763725252077823711402e2   0.253818573852510077980001328654e1   0.363592756961053121187362960648e2
0.25e4   0.275915244118950808775495056623e1   0.476284454767802535152403927905e0   0.246410504969318630729504679839e2
0.26e4   0.377793133563610401145459364483e1   0.207453855350553023779578930973e1   0.245153307896186308511841106e2
0.27e4   -0.119663103563116838873021135227e2   -0.200445710062680053112002352749e2   0.1960096305468207538321160686e2
0.28e4   -0.397858030183210445113120173407e1   -0.367328469667955457508341953977e1   0.223209262700037685501724111487e2
0.29e4   0.110575355946868235681527809545e2   0.176702991080881969633054862171e2   0.204354403798054738209773175738e2
0.3e4   0.169329021700113352408088260156e1   0.360034186504510831639616235468e1   0.21410875101298497292648740885e2
0.31e4   -0.602448083748114306302330506007e1   -0.658311777729672761164819274048e1   0.231610223198278046355247214538e2
0.32e4   -0.114797044995901663847253981215e2   -0.633916153444935349713602773914e1   0.358209346316084853945315481909e2
0.33e4   -0.55446724966225962754602215633e0   -0.22743183969181954426392913493e1   0.214857672946101832192045476154e2
0.34e4   -0.274896780518474408120506094042e-2   -0.267363801715848105723241859364e0   0.156667103573362018530149589771e2
0.35e4   0.735688810940980906445734660922e0   -0.211867718021041735234849764148e1   0.244667447763664254575020519098e2
0.36e4   0.883550313711660092345550001913e1   0.137595437174978878648574772641e2   0.192241171925968183300026302763e2
0.37e4   -0.978829135333074510064107823735e1   -0.148592087876049219829778734873e2   0.208321464665895465652201090153e2
0.38e4   -0.461887457504852335602075054792e0   -0.637614896938219045479236411669e0   0.139177540263410602269806766027e2
0.39e4   -0.126053528307954694879090181931e2   -0.21907773617693469450050671005e2   0.187396653460606559649036485178e2
0.4e4   -0.769266636069163239973446931542e1   -0.134995906766223386037332770983e2   0.141994288825384582248693658787e2
0.41e4   0.405082695751591984094488378013e1   0.711896640408348548978959746226e1   0.123888397893534237636510559899e2
0.42e4   -0.108799512940645829954173942733e2   -0.475916790851124643995183615818e1   0.359429360961411843744411335986e2
0.43e4   -0.132675870847475037102007082266e2   -0.452847956825229197018370946978e1   0.406941419738376423667851222362e2
0.44e4   -0.874345833950180529128538506492e0   -0.399853074271832963520517323939e1   0.245385862627076063973441975395e2
0.45e4   -0.137454721317200943803353318102e2   -0.831576721686686299204993691355e1   0.388588563067516945568949608529e2
0.46e4   0.549322102393793568244101224644e1   0.436600337760298499872079928381e1   0.252227371040832417166905602503e2
0.47e4   0.405655833910768259670818709185e1   0.352757062418645277054845333424e1   0.228166220491337745175246916779e2
0.48e4   -0.126006461570075643339218323344e2   -0.152606717401823990450998616823e2   0.293061771155542595543765376978e2
0.49e4   0.474021998121935963631026842604e1   0.834329534953730231988843814074e1   0.125533280183429035207135947249e2
0.5e4   -0.608445109549900750321160040675e1   -0.108137370894584310171443991283e2   0.127391167564222883117697173361e2
0.51e4   -0.661467177952546737694045133046e1   -0.137647917482479374179636827382e1   0.309869841304237011811195505401e2
0.52e4   -0.417110467961566589654090031465e1   -0.370879041731223911021406804337e0   0.276202390659164420958379781594e2
0.53e4   0.279672797426519985390134433325e1   0.237849671174874192843391346702e1   0.212645617684572505272282610914e2
0.54e4   -0.121870859226829133894219089427e2   -0.705490277913908044054987061244e1   0.366615439128250207841446682863e2
0.55e4   0.477192127839646282759608493572e1   0.881535859579699685619205328705e1   0.104386344326395743534972341073e2
0.56e4   0.495190789144266467210684190603e1   0.558124061941537599846149036731e1   0.216755240535187463064234873033e2
0.57e4   0.235749905480156882936014435298e1   0.362991562485755546560143917409e0   0.239028462377759085781878201514e2
0.58e4   0.257732649843402301904947092582e1   0.319699756506117380490756500325e1   0.182089130118896095256982841634e2
0.59e4   0.246839193394212272813401553131e1   0.173802182132856960935362411388e1   0.21600075222180264340084318796e2
0.6e4   0.216735634583540786415110067524e0   0.210427857399996770063443080651e1   0.221246087354781405210618260224e2
0.61e4   0.323215286143511648409108106549e1   0.546292942665744280770739638205e1   0.139250763302560845242935430858e2
0.62e4   0.141129588866425400949698543759e2   0.19074594029245681587918328396e2   0.287956309024353333752741425561e2
0.63e4   0.121332078092439239555546103772e2   0.160978253144930383105362810791e2   0.268210827258542351527174271136e2
0.64e4   0.714184609370584389847390264991e1   -0.120741708251088019655493255764e1   0.34102097531442189147089432158e2
0.65e4   0.467580304881303059535373315373e1   0.569191056302216246446735853943e1   0.204905658582768466275116485604e2
0.66e4   -0.189014624490098167747525967689e1   -0.318064366437939444675233213769e1   0.159455985536095241053284897425e2
0.67e4   0.29518138299027972434983756272e1   0.317222060170452531845067414846e1   0.199444394120586461770233361157e2
0.68e4   0.577240139719222292601127249076e1   0.539060898782022189434247627965e0   0.303101605963091936597989363235e2
0.69e4   -0.150472150013539498511167543799e1   -0.275151157869916418832803869633e1   0.182572507925178826004307754371e2
0.7e4   -0.113948597319980575605222672197e2   -0.165753893862155047792197936224e2   0.236812684152727442606515658983e2
